b=[2.42603 4.55944 6.14292 6.98547 6.98547 6.14292 4.55944 2.42603 4.55944 8.56894 11.5449 13.1284 13.1284 11.5449 8.56894 4.55944 6.14292 11.5449 15.5544 17.6878 17.6878 15.5544 11.5449 6.14291 6.98547 13.1284 17.6878 20.1138 20.1138 17.6878 13.1284 6.98546 6.98547 13.1284 17.6878 20.1138 20.1138 17.6878 13.1284 6.98546 6.14292 11.5449 15.5544 17.6878 17.6878 15.5544 11.5449 6.14291 4.55944 8.56894 11.5449 13.1284 13.1284 11.5449 8.56894 4.55944 2.42603 4.55944 6.14291 6.98546 6.98546 6.14291 4.55944 2.42603];
r=[0
3
6
9
12
15
18
21
23
26
29
32
35
38
41
44
46
49
52
55
58
61
64
67
69
72
75
78
81
84
87
90
92
95
98
101
104
107
110
113
115
118
121
124
127
130
133
136
138
141
144
147
150
153
156
159
161
163
165
167
169
171
173
175
176];
c=[0
1
8
1
2
9
2
3
10
3
4
11
4
5
12
5
6
13
6
7
14
7
15
8
9
16
9
10
17
10
11
18
11
12
19
12
13
20
13
14
21
14
15
22
15
23
16
17
24
17
18
25
18
19
26
19
20
27
20
21
28
21
22
29
22
23
30
23
31
24
25
32
25
26
33
26
27
34
27
28
35
28
29
36
29
30
37
30
31
38
31
39
32
33
40
33
34
41
34
35
42
35
36
43
36
37
44
37
38
45
38
39
46
39
47
40
41
48
41
42
49
42
43
50
43
44
51
44
45
52
45
46
53
46
47
54
47
55
48
49
56
49
50
57
50
51
58
51
52
59
52
53
60
53
54
61
54
55
62
55
63
56
57
57
58
58
59
59
60
60
61
61
62
62
63
63];
m=[325
-81
-81
325
-81
-81
325
-81
-81
325
-81
-81
325
-81
-81
325
-81
-81
325
-81
-81
325
-81
325
-81
-81
325
-81
-81
325
-81
-81
325
-81
-81
325
-81
-81
325
-81
-81
325
-81
-81
325
-81
325
-81
-81
325
-81
-81
325
-81
-81
325
-81
-81
325
-81
-81
325
-81
-81
325
-81
-81
325
-81
325
-81
-81
325
-81
-81
325
-81
-81
325
-81
-81
325
-81
-81
325
-81
-81
325
-81
-81
325
-81
325
-81
-81
325
-81
-81
325
-81
-81
325
-81
-81
325
-81
-81
325
-81
-81
325
-81
-81
325
-81
325
-81
-81
325
-81
-81
325
-81
-81
325
-81
-81
325
-81
-81
325
-81
-81
325
-81
-81
325
-81
325
-81
-81
325
-81
-81
325
-81
-81
325
-81
-81
325
-81
-81
325
-81
-81
325
-81
-81
325
-81
325
-81
325
-81
325
-81
325
-81
325
-81
325
-81
325
-81
325];
A=zeros(64,64);
c=c+1;
r=r+1;
q=1;
k=1;
while(k<=64)
for i=r(q):r(q+1)-1
    col=c(i);
    A(k,col)=m(i);
    if(col~=k)
        A(col,k)=m(i);
    end
end
    q=q+1;
    k=k+1;
end

b=b';
xhat=A\b;
xhat2=[0.118115 0.221983 0.299077 0.340098 0.340098 0.299077 0.221983 0.118115 0.221983 0.417191 0.562081 0.639174 0.639174 0.562081 0.417191 0.221983 0.299077 0.562081 0.757289 0.861157 0.861157 0.757289 0.562081 0.299077 0.340098 0.639174 0.861157 0.979272 0.979272 0.861157 0.639174 0.340098 0.340098 0.639174 0.861157 0.979272 0.979272 0.861157 0.639174 0.340098 0.299077 0.562081 0.757289 0.861157 0.861157 0.757289 0.562081 0.299077 0.221983 0.417191 0.562081 0.639174 0.639174 0.562081 0.417191 0.221983 0.118115 0.221983 0.299077 0.340098 0.340098 0.299077 0.221983 0.118115];
t=xhat-xhat2';